0 1
1 0.335049
2 2.94083e-17
3 0.48514
4 0.406074
5 0.00105136
6 0.00179253
7 0.582259
8 0.289217
9 9.02531e-06
10 0.307074
11 0.25823
12 0.0323497
13 0.000132944
14 0.0708406
15 0.521005
16 0.435075
17 9.64065e-06
18 0.384148
19 0.208967
20 0.000957902
21 0.00272986
22 0.433138
23 0.227942
24 6.43129e-06
25 0.229702
26 0.273493
27 0.0973098
28 0.00086303
29 0.00661061
30 0.108805
31 0.745056
32 0.149892
33 2.94083e-17
34 0.391784
35 0.232554
36 0.00119535
37 0.00287018
38 0.358778
39 0.204023
40 1.48183e-05
41 0.122491
42 0.190054
43 0.033525
44 0.000130362
45 0.0696627
46 0.359956
47 0.210304
48 1.41178e-05
49 0.138499
50 0.195202
51 0.00130804
52 0.00255151
53 0.382332
54 0.0941945
55 3.38543e-05
56 0.194319
57 0.271955
58 0.0988743
59 0.000968699
60 0.00515179
61 0.10724
62 0.529951
63 0.262051
64 4.9272e-06
65 0.315736
66 0.192198
67 0.00135742
68 0.00231535
69 0.283737
70 0.233603
71 2.94083e-17
72 0.164161
73 0.221247
74 0.0344611
75 0.000132068
76 0.0687284
77 0.467031
78 0.256252
79 1.7645e-17
80 0.21174
81 0.25138
82 0.0016896
83 0.00296941
84 0.25132
85 0.341249
86 2.94083e-17
87 0.177776
88 0.246111
89 0.097567
90 0.00106404
91 0.00655444
92 0.108548
93 0.524929
94 0.235523
95 1.7645e-17
96 0.291578
97 0.171938
98 0.00137543
99 0.00253653
100 0.190141
101 0.237917
102 1.39706e-05
103 0.204244
104 0.230905
105 0.0425146
106 0.000179548
107 0.0607223
108 0.320891
109 0.218991
110 5.88166e-18
111 0.0892358
112 0.124848
113 0.000875183
114 0.00389003
115 0.23598
116 0.142564
117 8.61965e-05
118 0.0571125
119 0.253792
120 0.117934
121 0.0154682
122 0.000695132
123 0.0883878
124 0.190928
125 0.718626
126 0.3096
127 1.7645e-17
128 0.279028
129 0.30889
130 0.00138686
131 0.00206111
132 0.379958
133 0.232426
134 5.88166e-18
135 0.182533
136 0.22057
137 0.0329346
138 0.00013291
139 0.0702557
140 0.443608
141 0.215881
142 1.34417e-05
143 0.199706
144 0.202077
145 0.00150045
146 0.00199656
147 0.224723
148 0.156439
149 3.51945e-05
150 0.257043
151 0.260996
152 0.0989704
153 0.000943772
154 0.00503075
155 0.107144
156 0.543736
157 0.386094
158 2.94083e-17
159 0.199755
160 0.211207
161 0.00176964
162 0.00226172
163 0.184637
164 0.139564
165 3.07062e-05
166 0.11463
167 0.222271
168 0.0403682
169 0.000220475
170 0.0629097
171 0.283188
172 0.0991867
173 2.94083e-17
174 0.134277
175 0.175922
176 0.00201306
177 0.00495688
178 0.198456
179 0.0811379
180 2.30459e-05
181 0.126215
182 0.260498
183 0.0981394
184 0.00126796
185 0.00618588
186 0.107975
187 0.424066
188 0.174443
189 2.54385e-05
190 0.219302
191 0.180293
192 0.0015307
193 0.00255745
194 0.234243
195 0.128184
196 4.35469e-05
197 0.152833
198 0.243021
199 0.0340498
200 0.000188618
201 0.0691962
202 0.341231
203 0.152782
204 3.89454e-05
205 0.251255
206 0.113099
207 0.00098978
208 0.00297344
209 0.14279
210 0.12468
211 1.7645e-17
212 0.0750958
213 0.245099
214 0.0985281
215 0.00129276
216 0.00582197
217 0.107587
218 0.385066
219 0.137942
220 2.66517e-05
221 0.139595
222 0.149981
223 0.00175125
224 0.00425514
225 0.197295
226 0.0919488
227 6.11847e-05
228 0.140343
229 0.174097
230 0.0358172
231 0.000230509
232 0.0674707
233 0.267148
234 0.0813013
235 1.7645e-17
236 0.167916
237 0.182301
238 0.00234531
239 0.00362886
240 0.168834
241 0.0770957
242 0.000152563
243 0.0952182
244 0.281951
245 0.12002
246 0.0174116
247 0.000488962
248 0.0861692
249 0.188842
250 0.679806
251 0.25476
252 4.70324e-06
253 0.405475
254 0.224892
255 0.00109788
256 0.00250865
257 0.376975
258 0.136488
259 1.8239e-05
260 0.27904
261 0.230179
262 0.031677
263 0.000133239
264 0.0715136
265 0.542141
266 0.146148
267 1.12378e-05
268 0.168585
269 0.240896
270 0.00150549
271 0.00287738
272 0.300011
273 0.127658
274 1.7645e-17
275 0.151322
276 0.237922
277 0.0977259
278 0.000840035
279 0.00617147
280 0.108389
281 0.391977
282 0.170066
283 1.7645e-17
284 0.210453
285 0.214592
286 0.00133482
287 0.00355253
288 0.398591
289 0.216413
290 4.22282e-05
291 0.115652
292 0.250438
293 0.0326447
294 0.000151065
295 0.0705638
296 0.408857
297 0.0799151
298 5.06614e-05
299 0.211798
300 0.177403
301 0.00208447
302 0.00435274
303 0.196486
304 0.0926604
305 3.35564e-05
306 0.116833
307 0.238377
308 0.0924151
309 0.000923345
310 0.0115656
311 0.1137
312 0.530568
313 0.206265
314 1.7645e-17
315 0.166924
316 0.157538
317 0.00123398
318 0.00354543
319 0.22696
320 0.132047
321 2.66892e-05
322 0.168692
323 0.266307
324 0.0404502
325 0.000172729
326 0.0627799
327 0.26252
328 0.10895
329 3.06319e-05
330 0.200266
331 0.219639
332 0.00194926
333 0.00262278
334 0.242308
335 0.101496
336 7.5173e-05
337 0.166237
338 0.237746
339 0.093651
340 0.00124977
341 0.0106562
342 0.112464
343 0.394328
344 0.13983
345 2.37362e-05
346 0.138812
347 0.196818
348 0.00206933
349 0.00233087
350 0.171471
351 0.0904346
352 4.13138e-05
353 0.0706855
354 0.200333
355 0.0469157
356 0.000233451
357 0.0563751
358 0.240003
359 0.151177
360 7.52754e-05
361 0.0686002
362 0.132186
363 0.00193052
364 0.00434323
365 0.189246
366 0.187132
367 0.000117613
368 0.0674909
369 0.24921
370 0.1178
371 0.0152396
372 0.000522571
373 0.0883662
374 0.191061
375 0.632463
376 0.171408
377 1.18823e-05
378 0.315214
379 0.201334
380 0.00162207
381 0.0025961
382 0.261636
383 0.122583
384 3.21918e-05
385 0.173526
386 0.207039
387 0.0406797
388 0.000164581
389 0.0625422
390 0.242929
391 0.184988
392 2.31522e-05
393 0.133309
394 0.174302
395 0.00262851
396 0.00217011
397 0.168534
398 0.227714
399 4.16199e-05
400 0.10885
401 0.261989
402 0.0932902
403 0.00116011
404 0.0109272
405 0.112824
406 0.568659
407 0.159611
408 6.18808e-05
409 0.129902
410 0.207719
411 0.00238438
412 0.00250637
413 0.195897
414 0.133796
415 4.69962e-05
416 0.0942883
417 0.217387
418 0.0369682
419 0.000210346
420 0.0662995
421 0.280361
422 0.0698815
423 1.17633e-17
424 0.132895
425 0.129286
426 0.0022821
427 0.00348872
428 0.176899
429 0.104288
430 0.000123655
431 0.0671255
432 0.289821
433 0.0961927
434 0.00160583
435 0.00847048
436 0.109922
437 0.416442
438 0.11605
439 0
440 0.142947
441 0.171376
442 0.00185189
443 0.0055512
444 0.307997
445 0.15148
446 0.000178363
447 0.194469
448 0.157808
449 0.0225028
450 0.00020224
451 0.0807568
452 0.297934
453 0.0987811
454 8.3348e-05
455 0.104568
456 0.148824
457 0.00199755
458 0.00380888
459 0.192575
460 0.113659
461 2.35266e-17
462 0.0533519
463 0.219012
464 0.0964593
465 0.00113189
466 0.0077299
467 0.109655
468 0.350142
469 0.0947071
470 7.01644e-05
471 0.126983
472 0.118805
473 0.00207403
474 0.00463956
475 0.168131
476 0.0637797
477 0.000138578
478 0.146951
479 0.128698
480 0.0137362
481 0.000840854
482 0.090162
483 0.235811
484 0.0892944
485 0.000196401
486 0.0950852
487 0.111842
488 0.00259051
489 0.0056949
490 0.156613
491 0.0737498
492 0.000403473
493 0.0460431
494 0.243549
495 0.110424
496 0.00832291
497 0.00107438
498 0.0959123
499 0.198438
500 0.791797
501 0.30048
502 5.81227e-06
503 0.302743
504 0.273447
505 0.00134635
506 0.00192857
507 0.271805
508 0.277678
509 5.88166e-18
510 0.246797
511 0.236467
512 0.0289471
513 0.000131759
514 0.0742421
515 0.424145
516 0.139775
517 1.17633e-17
518 0.257083
519 0.18066
520 0.001107
521 0.00255681
522 0.342566
523 0.156781
524 4.85089e-05
525 0.144774
526 0.329638
527 0.0992873
528 0.00134083
529 0.00511086
530 0.106827
531 0.515361
532 0.162862
533 1.7645e-17
534 0.204395
535 0.175893
536 0.0013556
537 0.00173377
538 0.219535
539 0.195189
540 2.05492e-05
541 0.147556
542 0.190749
543 0.0286111
544 0.000153508
545 0.0745997
546 0.435545
547 0.16364
548 2.76766e-05
549 0.147997
550 0.144368
551 0.00158598
552 0.0028018
553 0.186697
554 0.122509
555 9.4515e-05
556 0.100448
557 0.236933
558 0.0925158
559 0.00116386
560 0.0117054
561 0.113599
562 0.542477
563 0.383896
564 5.88166e-18
565 0.126736
566 0.192455
567 0.00164782
568 0.00254649
569 0.224673
570 0.162155
571 2.42067e-05
572 0.128396
573 0.148356
574 0.0189728
575 0.000222339
576 0.0843069
577 0.47185
578 0.144111
579 1.47816e-05
580 0.175613
581 0.162473
582 0.00179573
583 0.00249272
584 0.176312
585 0.130436
586 0.000101147
587 0.0911922
588 0.236577
589 0.0970882
590 0.0013616
591 0.00733075
592 0.109027
593 0.479264
594 0.156041
595 2.35266e-17
596 0.142178
597 0.185908
598 0.00263027
599 0.0020545
600 0.170107
601 0.110384
602 6.20474e-05
603 0.159453
604 0.161679
605 0.0323774
606 0.000245034
607 0.0709249
608 0.279246
609 0.11743
610 7.10431e-05
611 0.128831
612 0.160186
613 0.00201717
614 0.00377918
615 0.212165
616 0.0882023
617 9.94023e-05
618 0.110103
619 0.271749
620 0.12042
621 0.0177924
622 0.000477027
623 0.0857765
624 0.188441
625 0.572273
626 0.211193
627 1.59769e-05
628 0.194654
629 0.179595
630 0.00125996
631 0.00270205
632 0.260353
633 0.103605
634 1.45836e-05
635 0.219662
636 0.209695
637 0.0348861
638 0.000184788
639 0.0683561
640 0.333699
641 0.181012
642 3.96209e-05
643 0.195635
644 0.11483
645 0.00112788
646 0.00573864
647 0.303695
648 0.0657748
649 1.7645e-17
650 0.123213
651 0.249939
652 0.096517
653 0.0017215
654 0.0082618
655 0.109598
656 0.418555
657 0.232407
658 2.52558e-05
659 0.174491
660 0.166539
661 0.00134827
662 0.00291256
663 0.240137
664 0.114272
665 6.79694e-05
666 0.139678
667 0.138381
668 0.020946
669 0.000270141
670 0.0823815
671 0.324328
672 0.109459
673 0.000100831
674 0.12637
675 0.161353
676 0.00249998
677 0.0031258
678 0.196316
679 0.0725506
680 0.000143678
681 0.0943013
682 0.223829
683 0.0871961
684 0.00109035
685 0.0169516
686 0.118919
687 0.407966
688 0.114068
689 4.1887e-05
690 0.141438
691 0.156477
692 0.00203173
693 0.00244242
694 0.170673
695 0.187033
696 5.11758e-05
697 0.146092
698 0.188147
699 0.0395547
700 0.000186219
701 0.0636889
702 0.225377
703 0.165383
704 7.32595e-05
705 0.0851788
706 0.117927
707 0.00165943
708 0.00813284
709 0.214183
710 0.0970008
711 0.000183026
712 0.121738
713 0.312203
714 0.100501
715 0.00201612
716 0.0045736
717 0.105616
718 0.306482
719 0.0864377
720 7.21534e-05
721 0.165057
722 0.146412
723 0.00315889
724 0.00265697
725 0.183446
726 0.0883476
727 0.000127229
728 0.0773936
729 0.144409
730 0.0287161
731 0.000428955
732 0.0747702
733 0.235671
734 0.0588768
735 0.000142229
736 0.119367
737 0.105053
738 0.00194654
739 0.00757627
740 0.154249
741 0.0509279
742 0.000235785
743 0.111691
744 0.224571
745 0.109803
746 0.00808769
747 0.00144522
748 0.0965184
749 0.199058
750 0.529801
751 0.228891
752 5.88166e-18
753 0.283624
754 0.233687
755 0.00155655
756 0.0041157
757 0.452982
758 0.124845
759 2.92004e-05
760 0.0835367
761 0.279799
762 0.0393882
763 0.000221666
764 0.0638908
765 0.264088
766 0.146816
767 1.7645e-17
768 0.258452
769 0.188293
770 0.00216806
771 0.0029326
772 0.238479
773 0.0794182
774 5.88166e-18
775 0.135422
776 0.242684
777 0.0979991
778 0.00133119
779 0.00638943
780 0.108116
781 0.386406
782 0.138872
783 2.35266e-17
784 0.153841
785 0.193834
786 0.00230389
787 0.00329063
788 0.167804
789 0.172546
790 4.03351e-05
791 0.151724
792 0.129532
793 0.0166376
794 0.000462445
795 0.0868822
796 0.293302
797 0.0699345
798 1.7645e-17
799 0.143583
800 0.123821
801 0.00159797
802 0.00351339
803 0.155577
804 0.120903
805 0.000185962
806 0.13109
807 0.20182
808 0.0843961
809 0.00102019
810 0.0196853
811 0.121726
812 0.433004
813 0.161981
814 3.80729e-05
815 0.211045
816 0.142225
817 0.00149652
818 0.00455596
819 0.176213
820 0.0997665
821 8.57117e-05
822 0.13889
823 0.192899
824 0.0293622
825 0.000228596
826 0.0739238
827 0.311567
828 0.129347
829 5.33905e-05
830 0.125518
831 0.128202
832 0.000819964
833 0.00295507
834 0.191424
835 0.0511531
836 0.000140662
837 0.137229
838 0.268634
839 0.100081
840 0.00233876
841 0.00531517
842 0.106034
843 0.289394
844 0.0916998
845 1.7645e-17
846 0.136324
847 0.130453
848 0.00262575
849 0.00308974
850 0.123801
851 0.0972757
852 0.000189357
853 0.085986
854 0.229254
855 0.0450425
856 0.000248158
857 0.0582631
858 0.24775
859 0.0753582
860 0.000153544
861 0.0838295
862 0.166797
863 0.00416714
864 0.00248909
865 0.123374
866 0.0706653
867 9.29917e-05
868 0.0841355
869 0.225532
870 0.114836
871 0.0125407
872 0.000870041
873 0.0914902
874 0.194026
875 0.403185
876 0.148285
877 1.7645e-17
878 0.146683
879 0.149227
880 0.00148485
881 0.0037541
882 0.235406
883 0.116321
884 2.4673e-05
885 0.132544
886 0.223393
887 0.0350925
888 0.000226843
889 0.0681916
890 0.242333
891 0.134964
892 1.7645e-17
893 0.147382
894 0.107463
895 0.000796164
896 0.00425474
897 0.146375
898 0.0793255
899 9.67072e-05
900 0.137817
901 0.187866
902 0.0803899
903 0.00091506
904 0.0235911
905 0.125742
906 0.300538
907 0.225179
908 8.16395e-05
909 0.132496
910 0.112864
911 0.00126122
912 0.00782378
913 0.243475
914 0.0785544
915 0.000133629
916 0.118012
917 0.14917
918 0.0264573
919 0.000342566
920 0.0769426
921 0.347256
922 0.0993053
923 0.000109075
924 0.0662118
925 0.111295
926 0.00181342
927 0.00385343
928 0.136318
929 0.103262
930 0.000156192
931 0.07031
932 0.214186
933 0.0950244
934 0.00117264
935 0.00920557
936 0.11109
937 0.355179
938 0.125552
939 5.94698e-05
940 0.148213
941 0.104647
942 0.000982075
943 0.00747713
944 0.179525
945 0.107771
946 1.7645e-17
947 0.11048
948 0.17265
949 0.0349424
950 0.000243863
951 0.0683588
952 0.226167
953 0.154972
954 0.000121572
955 0.0903737
956 0.131332
957 0.00245508
958 0.00552752
959 0.140461
960 0.0605269
961 0.000594197
962 0.106456
963 0.20208
964 0.0879701
965 0.0015276
966 0.0166149
967 0.118145
968 0.305664
969 0.180582
970 0.000113204
971 0.102377
972 0.116582
973 0.00219887
974 0.0048831
975 0.137345
976 0.0950355
977 0.000260013
978 0.0591249
979 0.159706
980 0.0300854
981 0.000551501
982 0.0735235
983 0.211049
984 0.0704396
985 0.000289855
986 0.0686032
987 0.104763
988 0.00205914
989 0.00719028
990 0.154163
991 0.0803818
992 0.000226914
993 0.119244
994 0.233147
995 0.107812
996 0.00638603
997 0.0017351
998 0.0985099
999 0.20105
